[ INF ] Constructed projectionCL 
[ DEB ] 718.856 0 607.193 0 
[ DEB ] 0 718.856 185.216 0 
[ DEB ] 0 0 1 0 
[ INF ] Constructed projectionCR 
[ DEB ] 718.856 0 607.193 -386.145 
[ DEB ] 0 718.856 185.216 0 
[ DEB ] 0 0 1 0 
[ INF ] Constructed ground truth trajectory 4541 
[ INF ] Read image ../../Data/sequences/00/image_0/000000.png 376 1241 
[ INF ] Read image ../../Data/sequences/00/image_1/000000.png 376 1241 
[ INF ] Read image ../../Data/sequences/00/image_0/000001.png 376 1241 
[ INF ] Read image ../../Data/sequences/00/image_1/000001.png 376 1241 
[ INF ] Computed disparity map 3 
[ INF ] Computed true disparity map 5 
[ INF ] Computed depth map 718.856 0.537166 4.06468 3861.45 
[ INF ] Computed feature vector 4607 
[ INF ] Circular matching complete 
[ INF ] Feature vector sizes 4607 4607 4607 4607 4607 
[ INF ] Status vector sizes 4607 4607 4607 4607 
[ INF ] Status vector valid points 4467 4243 4187 4231 
[ INF ] Status vector valid points Bounds filter 4443 4200 4151 4227 
[ INF ] Extracted common features 4136 
[ INF ] Extracted stable features 3350 3350 
[ INF ] Extracted params from projectionCL 607.193 185.216 718.856 718.856 
[ INF ] Feature points size before depth filter 3350 
[ INF ] Feature points size after depth filter 3230 
[ INF ] Object points size 3230 
[ INF ] Estimated rRodrigues vector 3 1 
[ DEB ] -0.00197953 
[ DEB ] 0.00336463 
[ DEB ] -0.00277377 
[ INF ] Estimated translation vector 3 1 
[ DEB ] 0.00128714 
[ DEB ] 0.00818195 
[ DEB ] -0.663033 
[ INF ] Estimated rotation vector 3 3 
[ DEB ] 0.99999 0.00277043 0.00336736 
[ DEB ] -0.00277709 0.999994 0.00197485 
[ DEB ] -0.00336187 -0.00198419 0.999992 
[ INF ] Estimated pose matrix 4 4 
[ DEB ] 0.99999 0.00277043 0.00336736 0.00128714 
[ DEB ] -0.00277709 0.999994 0.00197485 0.00818195 
[ DEB ] -0.00336187 -0.00198419 0.999992 -0.663033 
[ DEB ] 0 0 0 1 
[ INF ] Integrated pose matrix 4 4 
[ DEB ] 0.99999 -0.00277709 -0.00336187 -0.00349343 
[ DEB ] 0.00277043 0.999994 -0.00198419 -0.00950105 
[ DEB ] 0.00336736 0.00197485 0.999992 0.663007 
[ DEB ] 0 0 0 1 
[ INF ] Computed tPose 
[ INF ] -0.00349343 -0.00950105 0.663007 
[ INF ] Trajectory vector size 2 
[ INF ] Ground truth vector size 4541 
[ DEB ] Calculated:  0 0 0  Truth:  5.55112e-17 3.33067e-16 -4.44089e-16 
[ DEB ] Calculated:  -0.00349343 -0.00950105 0.663007  Truth:  -0.0469029 -0.0283993 0.858694 
[ INF ] Measured error 0 
[ TST ] Show ground truth and estimated trajectory 
